mean:
[   1.2856761     0.50371202    0.10950766    7.24333671    0.21105623
   16.29610794    0.23254272 1610.77839709    0.35612689   15.70178304
    0.57353635    5.99672346    0.17514792    1.61064217    0.11995711
    1.6348246     0.11340209   24.58511098    0.73149101  139.90583653
    0.14917272    0.14381656    0.013756      9.17052806  -49.08378996]

std:
[  6.42839284   0.28711024   0.03983256   0.64251248   0.06021522
   1.49436272   0.08600475 350.3960852    0.22670826   6.26087341
   0.13494797   1.40720163   0.06209969   0.21840891   0.03958039
   0.11572469   0.1110307    1.67237459   0.31367182  69.57566623
   0.04518559   0.01811905   0.00508473   1.76910617  18.29907459]
