mean:
[   1.25209354    0.53161421    0.09827758    7.30707565    0.16490056
   16.98709712    0.22923177 1631.51082486    0.38336631   17.46055409
    0.46987012    6.06406314    0.12999441    1.69944044    0.10205288
    1.64903536    0.13767013   24.22225584    0.68199202  127.10981013
    0.13203837    0.13661094    0.01156114    6.51348053  -42.44061839]

std:
[  6.69332587   0.33239001   0.04655422   0.73478168   0.06502857
   1.75064547   0.1093618  420.25965647   0.21611006   7.34471247
   0.18331402   1.97098303   0.06421809   0.22056841   0.04703616
   0.14787737   0.14077695   1.56685206   0.29837225  73.50871146
   0.05157523   0.01610119   0.00417047   2.30570379  25.57016417]
