[   0.92529584    0.52399701    0.10975811    7.18974481    0.21477561
   16.22781302    0.23134079 1570.99343626    0.34691858   15.09573627
    0.57718287    5.97787901    0.18014101    1.59570902    0.11981742
    1.62858105    0.10485054   24.66030156    0.73050485  144.97867789
    0.14894858    0.14495721    0.01405686    9.04326727  -47.9856691 ]

[  0.98514466   0.29577982   0.03983498   0.65895701   0.05914244
   1.53598843   0.08776577 343.43659292   0.2146932    5.88628989
   0.13469624   1.41385889   0.06386651   0.21785105   0.03955805
   0.11690743   0.10707496   1.5260823    0.30603852  70.43231832
   0.04397928   0.01794243   0.00506549   1.70634374  17.96963581]
